[soe][Equalizer#0]
inputGain=-2
numBands=10

[soe][Equalizer#0#left]
band0Frequency=32
band0Gain=4
band0Q=1.504760237537245
band10Frequency=225.89
band10Gain=4
band10Type=0
band11Frequency=284.38
band11Gain=4
band11Type=0
band12Frequency=358.02
band12Gain=4
band12Type=0
band13Frequency=450.72
band13Type=0
band14Frequency=567.42
band14Type=0
band15Frequency=714.34
band15Gain=-1
band15Type=0
band16Frequency=899.29
band16Gain=-2
band16Type=0
band17Frequency=1132.15
band17Gain=-3.6
band17Type=0
band18Frequency=1425.29
band18Gain=-2.5
band18Type=0
band19Frequency=1794.33
band19Gain=-1.5
band19Type=0
band1Frequency=64
band1Gain=2
band1Q=1.5047602375372453
band20Frequency=2258.93
band20Type=0
band21Frequency=2843.82
band21Type=0
band22Frequency=3580.16
band22Type=0
band23Frequency=4507.15
band23Type=0
band24Frequency=5674.16
band24Type=0
band25Frequency=7143.35
band25Type=0
band26Frequency=8992.94
band26Type=0
band27Frequency=11321.45
band27Type=0
band28Frequency=14252.86
band28Type=0
band29Frequency=17943.28
band29Type=0
band2Frequency=125
band2Gain=1
band2Q=1.504760237537245
band30Type=0
band31Type=0
band3Frequency=250
band3Q=1.504760237537245
band4Frequency=500
band4Gain=-1
band4Q=1.5047602375372453
band5Frequency=1000
band5Gain=-2
band5Q=1.504760237537245
band6Frequency=2000
band6Q=1.5047602375372449
band7Frequency=4000
band7Gain=2
band7Q=1.5047602375372449
band8Frequency=8000
band8Gain=3
band8Q=1.5047602375372453
band9Frequency=16000
band9Gain=3
band9Q=1.504760237537245

[soe][Equalizer#0#right]
band0Frequency=32
band0Gain=4
band0Q=1.504760237537245
band10Frequency=225.89
band10Gain=4
band10Type=0
band11Frequency=284.38
band11Gain=4
band11Type=0
band12Frequency=358.02
band12Gain=4
band12Type=0
band13Frequency=450.72
band13Type=0
band14Frequency=567.42
band14Type=0
band15Frequency=714.34
band15Gain=-1
band15Type=0
band16Frequency=899.29
band16Gain=-2
band16Type=0
band17Frequency=1132.15
band17Gain=-3.6
band17Type=0
band18Frequency=1425.29
band18Gain=-2.5
band18Type=0
band19Frequency=1794.33
band19Gain=-1.5
band19Type=0
band1Frequency=64
band1Gain=2
band1Q=1.5047602375372453
band20Frequency=2258.93
band20Type=0
band21Frequency=2843.82
band21Type=0
band22Frequency=3580.16
band22Type=0
band23Frequency=4507.15
band23Type=0
band24Frequency=5674.16
band24Type=0
band25Frequency=7143.35
band25Type=0
band26Frequency=8992.94
band26Type=0
band27Frequency=11321.45
band27Type=0
band28Frequency=14252.86
band28Type=0
band29Frequency=17943.28
band29Type=0
band2Frequency=125
band2Gain=1
band2Q=1.504760237537245
band30Type=0
band31Type=0
band3Frequency=250
band3Q=1.504760237537245
band4Frequency=500
band4Gain=-1
band4Q=1.5047602375372453
band5Frequency=1000
band5Gain=-2
band5Q=1.504760237537245
band6Frequency=2000
band6Q=1.5047602375372449
band7Frequency=4000
band7Gain=2
band7Q=1.5047602375372449
band8Frequency=8000
band8Gain=3
band8Q=1.5047602375372453
band9Frequency=16000
band9Gain=3
band9Q=1.504760237537245
