[soe][Equalizer#0]
inputGain=-2
numBands=10

[soe][Equalizer#0#left]
band0Frequency=32
band0Gain=1.54
band0Q=1.504760237537245
band10Type=0
band11Type=0
band12Type=0
band13Type=0
band14Type=0
band15Type=0
band16Type=0
band17Type=0
band18Type=0
band19Type=0
band1Frequency=64
band1Gain=2.14
band1Q=1.5047602375372453
band20Type=0
band21Type=0
band22Type=0
band23Type=0
band24Type=0
band25Type=0
band26Type=0
band27Type=0
band28Type=0
band29Type=0
band2Frequency=125
band2Gain=1
band2Q=1.504760237537245
band30Type=0
band31Type=0
band3Frequency=250
band3Q=1.504760237537245
band4Frequency=500
band4Gain=-0.09
band4Q=1.5047602375372453
band5Frequency=1000
band5Gain=0.45
band5Q=1.504760237537245
band6Frequency=2000
band6Gain=1.72
band6Q=1.5047602375372449
band7Frequency=4000
band7Gain=3.35
band7Q=1.5047602375372449
band8Frequency=8000
band8Gain=2.81
band8Q=1.5047602375372453
band9Frequency=16000
band9Gain=1.9
band9Q=1.504760237537245

[soe][Equalizer#0#right]
band0Frequency=32
band0Gain=1.54
band0Q=1.504760237537245
band10Type=0
band11Type=0
band12Type=0
band13Type=0
band14Type=0
band15Type=0
band16Type=0
band17Type=0
band18Type=0
band19Type=0
band1Frequency=64
band1Gain=2.14
band1Q=1.5047602375372453
band20Type=0
band21Type=0
band22Type=0
band23Type=0
band24Type=0
band25Type=0
band26Type=0
band27Type=0
band28Type=0
band29Type=0
band2Frequency=125
band2Gain=1
band2Q=1.504760237537245
band30Type=0
band31Type=0
band3Frequency=250
band3Q=1.504760237537245
band4Frequency=500
band4Gain=-0.09
band4Q=1.5047602375372453
band5Frequency=1000
band5Gain=0.45
band5Q=1.504760237537245
band6Frequency=2000
band6Gain=1.72
band6Q=1.5047602375372449
band7Frequency=4000
band7Gain=3.35
band7Q=1.5047602375372449
band8Frequency=8000
band8Gain=2.81
band8Q=1.5047602375372453
band9Frequency=16000
band9Gain=1.9
band9Q=1.504760237537245
